	SVM	naive_bayes	decision_tree	boosting
a	0.981012658228	0.873417721519	0.974683544304	0.974683544304
c	0.987341772152	0.892405063291	0.987341772152	0.987341772152
d	0.949367088608	0.867088607595	0.955696202532	0.949367088608
i	0.898734177215	0.791139240506	0.905063291139	0.911392405063
h	0.949367088608	0.816455696203	0.949367088608	0.949367088608
j	0.993670886076	0.930379746835	0.993670886076	0.993670886076
m	0.911392405063	0.898734177215	0.930379746835	0.930379746835
l	0.981012658228	0.955696202532	0.987341772152	0.987341772152
o	0.879746835443	0.784810126582	0.892405063291	0.892405063291
p	0.962025316456	0.911392405063	0.962025316456	0.962025316456
s	0.987341772152	0.936708860759	0.987341772152	0.987341772152
r	0.905063291139	0.784810126582	0.905063291139	0.905063291139
t	0.879746835443	0.873417721519	0.892405063291	0.892405063291
v	1.0	0.943037974684	1.0	1.0

